0 0 0 0
0 0 0 0
0 0 0 0
0 0 0 0
0 0 0 -2
0 0 0 0
0 0 0 0
0 0 0 0
0 0 0 -1
0 0 0 0
0 0 0 0
0 0 0 -1
0 0 0 -1
0 0 0 0
0 0 0 0
0 0 0 0
0 0 0 0
0 0 0 -1
0 0 0 0
0 0 0 0
0 0 0 -3
0 0 0 0
0 0 0 0
0 0 0 -15
1 0 0 -32
3 0 0 -49
5 0 0 -75
7 0 -1 -107
9 0 -2 -119
10 0 -3 -127
13 -1 -3 -136
14 -1 -4 -117
17 -1 -5 -70
18 -1 -5 -37
17 -2 -5 3
17 -2 -5 48
16 -1 -4 66
17 -2 -4 82
17 -2 -3 91
15 -1 -2 94
13 -1 -2 89
11 -1 -1 89
10 0 -1 73
10 0 0 59
8 0 0 43
7 0 0 42
6 0 0 26
6 0 0 19
5 0 0 25
5 0 0 20
5 0 0 13
5 0 0 18
4 0 0 14
5 0 0 5
4 0 0 4
3 0 0 0
3 0 0 -1
3 0 0 0
3 0 0 -2
3 0 0 0
3 0 0 0
3 0 0 -1
2 0 0 -2
2 0 0 -2
2 0 0 -3
1 0 0 0
