1.204819277108441611e+00 1.665410370369633242e-01 -1.540065000002219797e-01 2.811531599999999997e+01 -3.658503517884920342e+00
7.228915662650592822e+00 8.473285555587217743e-02 -1.982368925924253844e-01 2.809879600000000011e+01 -3.513069776540012956e+00
1.325301204819277245e+01 1.136168555554863957e-01 -1.761260000000701709e-01 2.807113199999999864e+01 -4.340807060647042803e+00
1.927710843373495209e+01 9.127110370390134619e-02 -1.795170111111072941e-01 2.807806400000000124e+01 -2.740178202891646375e+00
2.530120481927710330e+01 1.024512037036284795e-01 -1.701420074079345035e-01 2.802030200000000093e+01 -3.779338342868803213e+00
3.132530120481928293e+01 1.891428592590962410e-01 -1.046371777774806056e-01 2.803309300000000093e+01 -2.900419172831247394e+00
3.734939759036146256e+01 -6.631699999799067768e-03 -2.394823592593504635e-01 2.798539299999999841e+01 -3.718295433336970213e+00
4.337349397590361377e+01 9.100734814790101268e-02 -1.831889925923566587e-01 2.798412400000000133e+01 -3.523230927689119163e+00
4.939759036144576498e+01 4.014494814813396317e-02 -2.048424629629761462e-01 2.796651500000000112e+01 -3.708162401677412845e+00
5.542168674698794462e+01 1.297849481481314626e-01 -1.540646000001268945e-01 2.791457799999999878e+01 -4.349964283665634923e+00
6.144578313253012425e+01 6.949528518533121257e-02 -1.890294259259976961e-01 2.792181799999999825e+01 -4.217168912193786312e+00
6.746987951807227546e+01 1.691048148147800134e-03 -2.375665962961139854e-01 2.785473800000000111e+01 -4.642429163995408281e+00
7.349397590361446930e+01 5.557956666661389988e-02 -2.046189777776188379e-01 2.785744899999999902e+01 -2.786360284885722294e+00
7.951807228915662051e+01 4.941758518512706644e-02 -2.231581037038328219e-01 2.782708299999999824e+01 -4.111925312063907434e+00
8.554216867469880015e+01 3.942174148147383761e-01 2.263348518539354259e-02 2.783084600000000108e+01 -2.286187419410265598e+00
9.156626506024096557e+01 7.137880111112568926e-01 4.044789814811364792e-01 2.779830700000000121e+01 8.430675599390234254e+00
9.759036144578313099e+01 7.279127666666882490e-01 4.614833814812828727e-01 2.778613100000000102e+01 1.426393672252479838e+01
1.036144578313252964e+02 1.576391948147977118e+00 8.800714407407292939e-01 2.811040600000000111e+01 -1.192086581039656856e+01
1.096385542168674760e+02 4.276372418518623597e+00 2.349698029630066909e+00 2.825506700000000038e+01 -2.766278517062241349e+01
1.156626506024096415e+02 5.743510851851952204e+00 3.265694022222310977e+00 2.747315499999999844e+01 -1.917282293979476648e+01
1.216867469879518069e+02 6.442459999999964992e+00 3.815758999999634860e+00 2.696820100000000053e+01 -1.821936810547819263e+01
1.277108433734939723e+02 8.514108951851909524e+00 5.048950866666703341e+00 2.721092799999999912e+01 -1.652515047507120727e+01
1.337349397590361377e+02 1.067799272962936286e+01 6.394034725926225349e+00 2.756363500000000144e+01 5.572393575269195765e+00
1.397590361445783174e+02 1.237052995925933097e+01 7.413373711110796904e+00 2.775913100000000000e+01 2.878671497076567221e+00
1.457831325301204970e+02 1.469321671481478120e+01 8.801590518518796813e+00 2.764023600000000158e+01 -4.560685791145617429e+01
1.518072289156626482e+02 1.650772582592583149e+01 1.007803614444468820e+01 2.705454100000000039e+01 -7.927364286332851862e+01
1.578313253012048278e+02 1.801765936666702927e+01 1.097549331851826082e+01 2.584209600000000151e+01 -1.246445995402841618e+02
1.638554216867469790e+02 1.904587842962958533e+01 1.124476714444455716e+01 2.518469800000000092e+01 -1.990590947086213305e+02
1.698795180722891587e+02 2.054393866666632107e+01 1.171204884444460959e+01 2.401922700000000077e+01 -2.285757691649431251e+02
1.759036144578313383e+02 2.154100383333357627e+01 1.193993671851841398e+01 2.166715299999999900e+01 -2.168016984044448350e+02
1.819277108433734895e+02 2.178696910740720938e+01 1.155049518518510965e+01 2.019556499999999843e+01 -2.508416427411722509e+02
1.879518072289156692e+02 2.211644375555573561e+01 1.110819709999987559e+01 1.933660300000000021e+01 -2.371225652737867620e+02
1.939759036144578204e+02 2.203431033703686737e+01 1.053170799629612020e+01 1.765794599999999903e+01 -1.368241240541311186e+02
2.000000000000000000e+02 2.289742272592622641e+01 1.004330156666681262e+01 1.690347600000000128e+01 -5.438337097183811863e+01
2.060240963855421796e+02 2.262389038518514184e+01 9.203114085185184479e+00 1.756113900000000072e+01 -6.666857057540082288e+00
2.120481927710843308e+02 2.198905320370356264e+01 8.449372640740900664e+00 1.856359799999999893e+01 4.679070001630141462e+01
2.180722891566265105e+02 1.976277494444461524e+01 7.243519129629164333e+00 1.913636999999999944e+01 7.954369570645867782e+01
2.240963855421686617e+02 1.843831965925887317e+01 6.475384255555628243e+00 1.906170699999999840e+01 6.423452473012365260e+01
2.301204819277108413e+02 1.795255631851871669e+01 6.204128266666830704e+00 1.929024199999999922e+01 4.193947459941502842e+01
2.361445783132530210e+02 1.668486965185207538e+01 5.765957740740759618e+00 1.948869600000000091e+01 2.457060274471336214e+01
2.421686746987951722e+02 1.505019448888885591e+01 5.217866625925913660e+00 1.982202500000000001e+01 3.090594103304432139e+01
2.481927710843373518e+02 1.393304645925904950e+01 4.844531703703624181e+00 1.987364399999999875e+01 2.460125171008191813e+01
2.542168674698795030e+02 1.129895231111109410e+01 3.934011559259341873e+00 1.998916900000000041e+01 1.816923223164539181e+01
2.602409638554216826e+02 1.026408310370394794e+01 3.627476881481801030e+00 2.002849900000000005e+01 7.436717084165735514e+00
2.662650602409638623e+02 9.171281433333387412e+00 3.297236481481390591e+00 2.003392900000000054e+01 6.538792298289602734e+00
2.722891566265060419e+02 8.572504985185126714e+00 3.112617737036649679e+00 2.004522700000000057e+01 3.518641732345193507e+00
2.783132530120482215e+02 7.068999333333149337e+00 2.555934585185466013e+00 2.006994900000000115e+01 1.540578180783516604e+00
2.843373493975903443e+02 6.286265374074229584e+00 2.230418114814540331e+00 2.009472099999999983e+01 -2.364128200413088798e+00
2.903614457831325240e+02 5.678409955555300925e+00 1.973129796296334781e+00 2.007473200000000091e+01 2.736430852599855079e+00
2.963855421686747036e+02 5.281939551851916548e+00 1.800629974073964412e+00 1.996292499999999848e+01 3.171399464508847466e+00
3.024096385542168832e+02 4.829084481481798363e+00 1.605025718518783506e+00 2.012718500000000077e+01 1.867722630483735546e+00
3.084337349397590060e+02 4.237847507407179748e+00 1.369347218518682574e+00 2.016491299999999853e+01 1.142410182558112774e+00
3.144578313253011856e+02 4.006574770370331606e+00 1.288297411111089197e+00 2.015060300000000026e+01 4.236112034358999523e+00
3.204819277108433653e+02 3.587059262962998929e+00 1.108505270370219620e+00 2.010885100000000136e+01 3.017040169149755036e-01
3.265060240963855449e+02 2.955051766666899837e+00 8.516958925929429824e-01 2.008994500000000016e+01 -1.248790555530235657e+00
3.325301204819277245e+02 3.182521259259106117e+00 9.361019740735789796e-01 2.014394899999999922e+01 1.080775043362144583e+00
3.385542168674699042e+02 3.020424718518395224e+00 8.593294333333680868e-01 2.013661700000000110e+01 9.324478883657739692e-01
3.445783132530120838e+02 2.896431940740855637e+00 8.118054777779715181e-01 2.019220800000000082e+01 1.102446910918870149e+00
3.506024096385542634e+02 2.519199400000150746e+00 6.502871703700039419e-01 2.013831400000000116e+01 2.126448923447878114e-01
3.566265060240963862e+02 2.295662877777745692e+00 5.869907555556679313e-01 2.012680699999999945e+01 -4.461149895633738649e-01
3.626506024096385090e+02 2.315238274073967872e+00 5.782945074074845593e-01 2.014640199999999837e+01 -1.580425937739091236e+00
3.686746987951806886e+02 2.106060751851874357e+00 4.856388407410623387e-01 2.011308199999999857e+01 -4.271662714942593420e-01
3.746987951807228683e+02 2.040870092592131257e+00 4.680452999996873586e-01 2.013463799999999893e+01 -1.336042147906792099e+00
3.807228915662650479e+02 1.862043518518866847e+00 3.971848185189248426e-01 2.012303899999999857e+01 -1.626672324322247176e+00
3.867469879518072275e+02 1.738205366666777607e+00 3.497177333329277715e-01 2.008196299999999823e+01 -1.492274971563414265e+00
3.927710843373494072e+02 1.643476851851874088e+00 3.095134555557104150e-01 2.009283800000000042e+01 -2.292261378361160062e+00
